%YAML:1.0
---
type: IMU
name: A3
Gyr:
   unit: " rad/s"
   avg-axis:
      gyr_n: 2.1212796973402379e-01
      gyr_w: 6.8714855284767210e-04
   x-axis:
      gyr_n: 2.1161794469601317e-01
      gyr_w: 4.7057814164227406e-04
   y-axis:
      gyr_n: 2.0830451415422069e-01
      gyr_w: 8.5083648541348566e-04
   z-axis:
      gyr_n: 2.1646145035183750e-01
      gyr_w: 7.4003103148725696e-04
Acc:
   unit: " m/s^2"
   avg-axis:
      acc_n: 2.6782190207314710e-01
      acc_w: 3.2943715227012351e-03
   x-axis:
      acc_n: 2.7160999239114814e-01
      acc_w: 3.2443492128074914e-03
   y-axis:
      acc_n: 2.6754676366468833e-01
      acc_w: 3.5364015693452717e-03
   z-axis:
      acc_n: 2.6430895016360473e-01
      acc_w: 3.1023637859509414e-03
